timeSeed  14527010821661452701082166
	26
	01082166
Randoms :
	0 14428202 
	1 24308298 
	2 34100771 
	3 18740244 
	4 56435291 
	5 48197128 
	6 20635712 
	7 51274956 
	8 16777150 
	9 8037914 
	10 11315623 
	11 75884977 
	12 79257097 
	13 40172398 
	14 48450029 
	15 47559336 
	16 74889734 
	17 88425885 
	18 11481901 
	19 29423081 
	20 16824529 
	21 66146166 
	22 2729328 
	23 75804032 
	24 63723673 
	25 39416334 
	26 11987535 
	27 -2041334 
	28 92622243 
	29 55217095 
	30 98371463 
	31 16278302 
	32 81370918 
	33 63343402 
	34 19357606 
	35 18066555 
	36 74941209 
	37 32921383 
	38 35864372 
	39 66811560 
	40 73090297 
	41 47636628 
	42 19385985 
	43 18139143 
	44 34583751 
	45 88955630 
	46 52797165 
	47 51724917 
	48 12340076 
	49 58979390 
	50 41729766 
	51 35508803 
	52 54140608 
	53 92423936 
	54 80012902 
	55 88005410 
	56 87314854 
	57 10489385 
	58 12745107 
	59 8930672 
	60 64031513 
	61 12532345 
	62 30711889 
	63 19368935 
	64 11603367 
	65 50905831 
	66 75202059 
	67 12645282 
	68 52442944 
	69 54223001 
	70 9006731 
	71 21389804 
	72 19710152 
	73 71000531 
	74 72747727 
	75 11486608 
	76 76801254 
	77 59044694 
	78 60421711 
	79 82902537 
	80 17958266 
	81 11865952 
	82 10959984 
	83 39605427 
	84 92812360 
	85 73102393 
	86 16561139 
	87 99157794 
	88 34367654 
	89 18397727 
	90 14238966 
	91 -7342582 
	92 12140399 
	93 11048176 
	94 77762534 
	95 16109561 
	96 11482807 
	97 63938795 
	98 59038712 
	99 69045203 
	100 18425569 
	101 60809414 
	102 16222061 
	103 16781054 
	104 -5237862 
	105 10527558 
	106 14133738 
	107 67405161 
	108 11944414 
	109 11978351 
	110 10797782 
	111 91390230 
	112 34702486 
	113 94942205 
	114 16675123 
	115 75064520 
	116 13969089 
	117 20966365 
	118 14414323 
	119 63036296 
	120 27984070 
	121 18032493 
	122 11701851 
	123 16949512 
	124 11042400 
	125 47622656 
	126 14614528 
